# The modifications of the output file from Kalibr:
# 1. For each matrix (e.g. cam0/T_cam_imu), remove the brackets and minus sign for each line. Use one pair of brackets for each matrix.
# 2. Add the T_imu_body at the end of the calibration file (usually set to identity).
cam0:
  T_cam_imu:
    [-0.046777156354823324, -0.9988890746638093, -0.0057021189600641176, -0.00034305125991446905,
     0.013459841286507013, 0.0050775565917813015, -0.999896520191764, 0.00040130818295676667,
     0.9988146626456271, -0.04684906547985318, 0.013207374749206524, 0.00014280105591646443,
     0.0, 0.0, 0.0, 1.0]
  camera_model: pinhole
  distortion_coeffs: [0.011551038116540744, -0.0045933793236447125, 0.0008156896017436109, 0.0012391404178549224]
  distortion_model: radtan
  intrinsics: [342.01304479882776, 341.38050987739695, 324.38611389157427, 200.8801680409204]
  resolution: [672, 376]
  rostopic: /zed/zed_node/left/image_rect_color
  timeshift_cam_imu: -0.04317387864937628
cam1:
  T_cam_imu:
    [-0.041657941271325744, -0.999121641311616, -0.004534511199417779, -0.06296426869247744,
     0.012440457863508836, 0.004019410282932456, -0.9999145360225163, 0.0002891730122543582,
     0.9990544784631024, -0.0417107924134788, 0.012262090321745217, 0.0003107852480283588,
     0.0, 0.0, 0.0, 1.0]
  T_cn_cnm1:
    [0.9999861881208986, -0.0010997639845992386, 0.005139463650000758, -0.06262151474729521,
     0.001104757373477982, 0.9999989204296262, -0.0009688398858662176, -0.00011161739769439693,
     -0.005138392606374754, 0.0009745043647299075, 0.9999863235378085, 0.00016583233649169104,
     0.0, 0.0, 0.0, 1.0]
  camera_model: pinhole
  distortion_coeffs: [0.00957516386316669, -0.0018439387826620973, 0.0015660195681146275, 0.0004661652094254258]
  distortion_model: radtan
  intrinsics: [342.3081369568111, 341.74378196088867, 322.4824026938147, 201.1817759206452]
  resolution: [672, 376]
  rostopic: /zed/zed_node/right/image_rect_color
  timeshift_cam_imu: -0.0474390390999713
T_imu_body:
  [1.0000, 0.0000, 0.0000, 0.0000,
   0.0000, 1.0000, 0.0000, 0.0000,
   0.0000, 0.0000, 1.0000, 0.0000,
   0.0000, 0.0000, 0.0000, 1.0000]
