# The modifications of the output file from Kalibr:
# 1. For each matrix (e.g. cam0/T_cam_imu), remove the brackets and minus sign for each line. Use one pair of brackets for each matrix.
# 2. Add the T_imu_body at the end of the calibration file (usually set to identity).

cam0:
  T_cam_imu:
    [-0.0024421070215517315, -0.9999768856549331, 0.006345413237708042, 0.00016166705706199773,
     0.027465935944853637, -0.006410111872213353, -0.9996021872867528, 7.234342355582757e-05,
     0.9996197569455947, -0.0022668528068009453, 0.027480955266944718, -0.0001681951144371155,
     0.0, 0.0, 0.0, 1.0]
  cam_overlaps: [1]
  camera_model: pinhole
  distortion_coeffs: [-0.16972756143687892, 0.025558621554772742, -0.0013136083415699155,
    3.322038844995694e-05]
  distortion_model: radtan
  intrinsics: [692.9126424844769, 691.9013578841943, 633.9347515375488, 390.9581320813351]
  resolution: [1280, 720]
  rostopic: /zed/zed_node/left_raw/image_raw_color
  timeshift_cam_imu: 0.026174285915629064
cam1:
  T_cam_imu:
    [0.005907243525539452, -0.9999650093315402, 0.005923224333306332, -0.06308600599241578,
     0.028414848020395622, -0.005753082447633118, -0.9995796608846784, 0.00011072960210428616,
     0.9995787617221106, 0.006073067999243453, 0.02837986890682853, 0.0005320905419800006,
     0.0, 0.0, 0.0, 1.0]
  T_cn_cnm1:
    [0.9999650549804624, 0.00065126755103406, 0.008334546688263725, -0.06324631268490959,
     -0.0006591886432880396, 0.9999993336853852, 0.0009476809163683095, 3.865219114012653e-05,
     -0.00833392394100389, -0.0009531418381640285, 0.9999648179973049, 0.0007016960134771743,
     0.0, 0.0, 0.0, 1.0]
  cam_overlaps: [0]
  camera_model: pinhole
  distortion_coeffs: [-0.1680390311090393, 0.024120070862118894, -0.0012016778925981258,
    -0.0002011554103108374]
  distortion_model: radtan
  intrinsics: [692.9898672132842, 692.7602379774712, 618.9414782578577, 375.0861306597201]
  resolution: [1280, 720]
  rostopic: /zed/zed_node/right_raw/image_raw_color
  timeshift_cam_imu: 0.026472571254919686

T_imu_body:
  [1.0000, 0.0000, 0.0000, 0.0000,
   0.0000, 1.0000, 0.0000, 0.0000,
   0.0000, 0.0000, 1.0000, 0.0000,
   0.0000, 0.0000, 0.0000, 1.0000]
