label: "ZED-mini"
id: 412eab8e4058621f7036b5e765dfe812
cameras:
- camera:
    label: cam0
    id: 54812562fa109c40fe90b29a59dd7798
    line-delay-nanoseconds: 0
    image_height: 720
    image_width: 1280
    type: pinhole
    intrinsics:
      cols: 1
      rows: 4
      data: [700.029, 700.029, 636.693, 356.975]
    distortion:
      type: radial-tangential
      parameters:
        cols: 1
        rows: 4
        data: [-0.17521, 0.027824, 0.0, 0.0]
  T_B_C:
    cols: 4
    rows: 4
    data: [0.0, 0.0, 1.0, 0.0,
           -1.0, 0.0, 0.0, 0.0315,
           0.0, -1.0, 0.0, 0.0,
           0.0, 0.0, 0.0, 1.0]
- camera:
    label: cam1
    id: 54812562fa109c40fe90b29a59dd7723
    line-delay-nanoseconds: 0
    image_height: 720
    image_width: 1280
    type: pinhole

    intrinsics:
      cols: 1
      rows: 4
      data: [699.815, 699.815, 619.164, 351.748]
    distortion:
      type: radial-tangential
      parameters:
        cols: 1
        rows: 4
        data: [-0.17340, 0.027520, 0.0, 0.0]
  T_B_C:
    cols: 4
    rows: 4
    data: [0.0, 0.0, 1.0, 0.0,
           -1.0, 0.0, 0.0, -0.0315,
           0.0, -1.0, 0.0, 0.0,
           0.0, 0.0, 0.0, 1.0]

imu_params:
  delay_imu_cam: 0.0
  max_imu_delta_t: 0.01
  acc_max: 176.0
  omega_max: 7.8
  sigma_omega_c: 12.0e-4
  sigma_acc_c: 8.0e-3
  sigma_omega_bias_c: 2.0e-5
  sigma_acc_bias_c: 5.5e-5
  sigma_integration: 0.0
  g: 9.8082
  imu_rate: 100

imu_initialization:
  velocity: [0.0, 0.0, 0.0]
  omega_bias: [0.0, 0.0, 0.0]
  acc_bias: [0.0, 0.0, 0.0]
  velocity_sigma: 2.0
  omega_bias_sigma: 0.01
  acc_bias_sigma: 0.1
